sections = [
    ((-0.04271371103102162, 0.007908498446146661), (0.004302418001236444, -0.03691380547542198)),
    ((-0.03384274328908614, 0.02509599844614667), (0.017165321227042896, -0.02848856037738276)),
    ((-0.011000001353602261, -0.017367236847970993), (0.030915321227042908, -0.015345178024441575)),
    ((0.002528224452849351, -0.03185865841659845), (0.02670161154962354, 0.0031903611912447033)),
]

sections = [
    ((-0.034729840063279685, 0.019299425704806472), (0.030693547033494514, -0.03327410370695825)),
    ((-0.02962903361166678, -0.03563317233440923), (0.03379838574317193, 0.028735700214610402)),
    ((0.01117741800123645, 0.031431778645982955), (0.012064514775429996, -0.032937093903036674)),
    ((0.02226612767865581, 0.028061680606767267), (0.022709676065752582, -0.03394812331480138)),
    ((-0.024306452966505486, -0.015412584099115098), (-0.017431452966505487, -0.007661358608919019)),
]